155
265
76
327
197
257
196
64
147
184
147
74
348
264
212
293
76
156
275
257
35
326
24
78
334
273
192
12
205
24
73
344
2
337
116
340
111
296
139
206
97
87
307
364
4
156
116
56
253
274
4
3
54
1
258
285
227
70
275
48
166
233
195
45
125
259
42
278
306
160
101
182
292
186
242
318
307
346
179
310
74
302
82
33
60
7
209
184
242
283
156
334
359
147
265
271
41
2
239
255
330
166
141
175
67
77
111
150
340
296
227
227
298
333
198
109
276
339
106
321
244
32
319
316
52
283
356
36
269
200
84
324
138
52
344
159
243
40
169
127
345
121
248
312
242
12
129
183
336
61
275
306
20
80
206
167
291
236
7
112
309
42
67
1
236
226
165
15
297
147
262
202
323
115
34
75
17
310
260
148
27
247
350
261
343
335
144
280
170
263
295
206
0
6
349
64
79
162
61
123
28
182
140
101
204
0
12
196
290
273
5
40
109
45
29
165
110
5
51
129
149
27
131
247
250
301
137
66
223
195
287
199
209
27
235
244
94
96
339
21
306
80
339
339
306
163
301
27
143
37
79
138
341
362
342
310
182
124
86
316
179
101
148
61
38
132
324
180
256
24
79
263
27
165
203
152
314
216
362
149
144
160
240
357
354
14
159
256
241
309
25
309
12
343
270
122
168
251
127
56
85
57
148
324
172
67
322
265
168
197
115
11
125
43
131
318
323
141
8
205
262
210
80
156
207
104
206
143
348
99
351
338
96
9
110
80
144
301
157
44
336
210
201
186
97
185
205
96
201
142
13
355
187
160
49
293
164
177
162
268
70
103
170
167
347
33
205
309
83
290
75
302
75
285
292
310
226
323
222
344
241
146
49
179
156
9
335
174
71
85
245
331
50
39
289
189
59
61
160
277
78
51
317
19
267
296
38
76
341
142
331
237
108
314
249
257
306
297
47
350
315
54
177
340
134
335
236
362
237
55
302
168
198
145
52
121
127
331
96
323
265
62
70
264
272
225
149
187
308
240
309
250
246
149
192
336
231
163
148
45
185
359
186
321
263
250
192
22
226
55
343
184
243
298
1
346
207
181
106
240
90
194
347
80
328
231
200
327
227
17
77
10
308
305
254
187
54
23
67
118
114
362
351
185
359
3
155
253
337
48
259
182
282
180
254
246
362
8
133
324
8
359
124
153
273
207
286
306
361
54
55
342
57
361
340
313
48
172
29
100
42
15
304
14
194
339
181
147
351
279
26
102
287
349
299
226
169
159
138
351
90
354
269
280
310
307
20
365
256
37
134
213
162
347
100
79
281
8
360
340
0
231
182
143
245
338
103
294
306
10
209
190
48
19
81
109
111
234
78
32
207
153
345
347
85
132
358
150
296
184
117
50
138
335
335
120
11
49
38
180
6
173
166
309
239
298
284
155
62
145
111
166
118
79
174
99
64
143
139
87
110
224
263
258
205
194
364
23
314
149
272
112
140
326
325
128
171
49
229
190
209
286
301
110
337
180
227
143
328
306
284
213
250
124
104
287
214
151
4
287
18
258
132
351
275
31
195
70
354
84
184
274
46
57
254
254
217
222
98
259
278
183
364
314
331
330
14
343
256
60
114
177
351
329
255
184
295
185
38
65
239
279
108
228
67
303
132
279
5
259
12
18
346
282
103
200
147
179
83
118
90
338
5
291
66
303
62
302
293
160
333
335
260
66
365
295
127
207
38
62
258
148
359
293
279
163
161
357
119
81
321
48
283
193
354
33
214
218
92
148
180
166
220
77
318
126
320
68
80
132
236
303
255
246
233
102
80
296
85
128
3
148
219
98
159
320
352
298
217
36
27
107
126
46
79
267
182
135
324
62
149
159
351
318
166
14
77
124
307
345
12
9
254
364
230
106
223
213
69
30
270
308
108
139
350
349
157
329
349
269
136
93
287
188
137
310
3
361
33
99
266
119
257
12
184
122
50
213
287
315
343
188
155
352
82
318
281
216
31
20
68
236
358
304
359
121
326
80
147
232
213
327
324
233
277
317
245
51
287
294
250
241
209
121
358
196
59
18
363
98
352
312
209
231
301
89
56
145
283
20
119
237
331
347
290
309
274
185
0
264
188
208
235
16
262
252
344
41
15
99
298
189
293
336
11
151
344
38
360
1
141
1
13
152
151
261
73
193
334
255
222
175
223
135
92
313
269
102
211
190
100
74
304
38
205
274
132
364
344
309
343
180
96
183
190
169
37
320
80
162
27
176
320
226
364
286
81
208
156
59
0
