14121
44899
57050
62848
54293
27003
3032
46938
19682
63733
51974
53985
32344
61019
54093
6351
24350
27372
48835
17456
19730
20550
26359
54873
12304
47617
51925
12395
10186
31075
19911
24307
10438
11425
21619
64731
38428
24652
46133
58110
22849
32571
46559
55193
28055
35117
61544
52405
62489
44843
4326
16683
65394
30685
6020
12162
12766
57945
24557
22952
23484
44468
47260
33922
55894
3343
33117
28786
27995
13715
21361
50844
46286
2384
40501
8805
37501
36510
61211
34454
15817
1
51137
15675
30686
57157
27837
43453
49567
52395
869
7515
31327
48129
41438
21685
51473
9019
50472
13932
22734
6297
64777
3485
8681
39742
12290
46183
10716
7965
15101
26534
7966
703
42209
38653
57860
4511
16570
41891
56906
17439
49407
22697
33
25309
44383
51506
34328
29319
65438
57063
35616
64679
60548
44297
38886
7302
24944
49602
15268
40046
10600
23234
40749
52810
61887
33073
57321
12921
9429
48691
30361
58836
5852
30394
18609
50235
16364
52937
14018
16266
44464
49634
15410
39476
28396
54296
46779
53340
38362
62047
27850
48963
19745
3063
36237
16097
36137
28022
29018
45566
11177
59379
38866
17029
24237
57475
1729
40601
44876
15747
56868
23805
65382
6742
63281
28242
61038
44524
16046
33864
41035
43897
17291
60781
46960
53528
11342
17561
16014
40360
63127
27191
34204
36457
44221
58441
28396
45950
33507
7737
61697
24839
31542
61543
31581
29287
24249
27083
8276
40296
60947
49311
18657
12703
44556
81
695
55898
17643
16710
30723
15234
43901
64927
51692
22586
57832
14552
3000
25803
22289
64698
50642
53831
60705
16687
17583
19419
43770
25859
59715
39182
9634
12836
51885
54191
12917
52580
44553
30560
3754
9740
45795
47656
9131
31951
4706
1428
46503
7707
27231
3257
6869
12338
57088
2038
29025
9135
21457
7260
34994
15636
46442
44629
28472
32791
33284
41390
19835
12301
6414
23590
22042
52209
5710
31173
18624
10416
32601
65128
18123
59833
2849
24992
6635
59937
27031
35660
3537
48488
42920
38531
64125
23826
17624
27061
56617
50908
2915
10917
63210
9330
34507
19716
61539
40217
50889
14628
50633
17955
14220
3221
12252
17069
28213
18887
11470
55244
54547
15007
38197
31932
53539
36786
55758
5627
63847
46840
56536
1227
57757
54210
10557
26728
8390
6560
1409
59279
21188
52042
11698
35408
55263
23950
52477
17941
42837
63948
7649
31849
13419
45846
63781
1422
17096
54003
7050
15408
35307
63586
16635
27528
52260
27192
54256
60650
33752
55665
54393
54941
42172
556
24813
31899
24506
11755
49840
1808
10167
57490
33657
23586
37800
31902
25009
54897
20369
32059
4769
55677
30109
21404
17669
16833
48596
6390
11947
16812
62055
804
6217
38691
1360
31031
5055
25867
42786
54895
27675
52953
46849
61332
11003
19114
27698
36012
8475
48067
2535
13244
38208
32644
34648
55878
49477
17708
62268
61424
34520
58787
62229
40738
31943
63589
6233
36998
23920
49019
26357
51595
36436
7671
47391
47439
26785
9553
17916
35260
57621
20451
48504
30293
53096
17616
20635
37037
35324
17367
32926
4308
10619
29619
45046
42562
27672
51279
14024
51593
34762
40381
37652
5662
48052
19508
53102
9301
29061
5482
44561
21146
25933
27529
51440
13493
45145
6539
50531
14933
23907
17921
19242
34526
47540
64288
11552
9676
50032
25576
61269
19258
421
33386
24921
48474
52894
12487
57775
16419
17969
36801
37566
43902
64330
23470
57396
43940
30009
42391
58873
53916
60312
12579
22906
42316
11332
34458
51992
61364
60034
47726
15086
60456
15576
40007
43394
2934
52494
35633
19353
4927
6898
56919
48830
5693
14853
40690
49633
44863
17545
42970
33243
12321
55550
56150
54637
1346
25072
41093
62710
19571
23283
12260
14491
38859
52268
57885
41793
39226
27982
61147
44154
34881
52530
27448
40574
1848
2602
24671
46711
20147
2105
14418
32468
57655
5032
21569
59001
30105
62662
56175
49676
20410
2900
64167
59269
55168
56516
35527
28858
18962
31138
7476
53843
18132
34924
28881
19980
37526
53552
1155
57673
55658
15574
24605
47777
20606
46174
41243
50711
43301
31882
34851
63711
34782
33482
57444
24414
24462
27435
53273
43425
58573
60749
31732
11170
30138
60614
31150
2128
48630
32306
59802
38752
47880
18871
20994
2950
65046
62237
53662
42811
28583
22977
40986
63366
56460
32894
22244
15386
60330
9981
58811
53367
5195
25008
64537
35333
20086
30152
37461
3180
62458
31727
41933
44802
50599
62927
47752
50109
59628
35878
27384
22675
58856
2834
20505
49780
35728
42750
65166
30522
52731
58442
18354
57926
17914
17355
27723
38000
47507
65185
41180
44429
31376
17577
23695
16439
14968
5912
1012
9060
41790
28396
31736
35110
31230
52241
19354
1423
29455
18985
31945
16651
11891
50299
9041
29805
2119
36765
2269
49626
36414
43449
28520
2254
61027
52215
18694
10459
58127
19706
19520
34382
48103
51256
3956
13797
37961
23311
15220
1881
42296
47166
18532
54187
31929
27573
18456
34048
64338
20725
18139
35216
64174
46659
37471
59665
33338
56165
4589
25930
10335
24109
60312
58438
9829
64268
6700
47790
22043
21920
49671
64339
3550
2667
52990
35480
30241
5910
3992
29043
26635
22131
64260
25274
3254
36195
19403
36593
26824
23992
62523
37159
48101
57299
30062
57930
56031
36762
40185
12539
58682
24320
11342
62233
26988
64333
32177
57229
4707
36169
20736
31343
58301
19460
56617
61555
55655
10484
32612
16943
34477
29599
54103
17042
21362
18629
9437
11858
55391
49622
24397
48537
8406
35739
45234
35394
34536
11875
27087
39244
48045
47824
5051
40810
1748
61668
36829
57404
6616
3906
8811
41093
33505
62914
58136
54868
16007
2037
1190
5862
51659
25587
54400
60065
61326
34098
29924
30327
45974
57011
4035
28483
39299
9086
3757
41048
5218
40586
32916
11834
44492
41727
52928
12462
39106
45528
1794
55113
47565
2984
60976
33688
28571
49840
28217
24361
18402
58141
54688
64376
49617
58723
27323
23380
2273
31080
64428
7491
6131
31808
19326
50623
8000
6718
63085
47106
52246
64879
36683
34275
2327
32123
2427
30898
16427
30644
55260
34830
23250
44412
33670
7331
37600
60994
30711
39873
26538
29604
47365
32669
61412
1155
17757
3876
7873
15306
50982
60119
14650
22130
28858
16977
54253
31285
47876
5145
61929
